Energy: -1478706.875
Forces:
[0.18052585422992706, -0.16365616023540497, -0.07289071381092072]
[0.2537074089050293, 0.034039415419101715, -0.15090110898017883]
[-0.07751932740211487, -0.19013522565364838, -0.7503405809402466]
[-0.08624836057424545, -0.04123486205935478, -0.5438257455825806]
[-0.14489659667015076, 0.3235049545764923, 0.7323637008666992]
[0.10363247245550156, 0.2730497419834137, 0.13020236790180206]
[-0.16778630018234253, -0.19023406505584717, -0.2833048403263092]
[0.31628692150115967, 0.663540780544281, -0.5784029960632324]
[-0.22565726935863495, 0.2041645050048828, -1.0628899335861206]
[-0.2026941478252411, 0.3285306394100189, 0.39775997400283813]
[0.020238514989614487, 0.20542490482330322, 0.22503557801246643]
[0.13876214623451233, 0.11926224827766418, 0.002969153458252549]
[0.23088562488555908, 0.06101252883672714, -0.6805279850959778]
[-0.07868821173906326, -0.5320448875427246, -0.423205703496933]
[0.3218667209148407, -0.3148530423641205, -0.9444320201873779]
[0.4451849162578583, -0.4782002568244934, 0.02381514199078083]
[0.23059387505054474, -0.5870766639709473, 0.5609663724899292]
[-0.10984340310096741, -0.06873507052659988, -0.18054640293121338]
[0.07997724413871765, 0.1776878535747528, -0.20690371096134186]
[0.10986574739217758, -0.3724995255470276, -0.7151473164558411]
[0.29321181774139404, -0.5681646466255188, -0.5215029120445251]
[0.49073636531829834, -0.6093631386756897, -0.10113535821437836]
[0.16731113195419312, -0.13084496557712555, 0.6581184267997742]
[-0.005425575654953718, 0.21170471608638763, -0.015359552577137947]
[-0.08327147364616394, -0.1043315902352333, -0.5223273634910583]
[-0.134048193693161, 0.38887444138526917, -1.0074576139450073]
[0.3364572823047638, -0.08973074704408646, -1.1451642513275146]
[-0.023788277059793472, -0.03743879497051239, 0.6197607517242432]
[0.16067726910114288, 0.12625472247600555, -0.3217228055000305]
[0.059125810861587524, 0.10850408673286438, -0.545733630657196]
[-0.22922655940055847, 0.12713439762592316, -0.1703214943408966]
[0.008648133836686611, 0.2810180187225342, -1.0074149370193481]
[-0.9961851239204407, 0.3903051018714905, 0.41609302163124084]
[-0.11101100593805313, 0.21193258464336395, 0.43696129322052]
[-0.17159110307693481, -0.0046544065698981285, 0.13529296219348907]
[-0.1424596607685089, 0.08224038034677505, -0.20791283249855042]
[0.16501954197883606, -0.034333184361457825, -0.6372748017311096]
[-0.049364667385816574, -0.26986220479011536, -0.8981840014457703]
[-0.3508327007293701, 0.1832614541053772, -0.061428844928741455]
[0.013182445429265499, -0.2763463258743286, 0.5634686946868896]
[-0.16723166406154633, 0.020907431840896606, 0.0964796394109726]
[-0.16709403693675995, 0.21335390210151672, -0.1722933053970337]
[-0.08601775765419006, 0.3588332235813141, -0.5646096467971802]
[-0.021333208307623863, 0.14644362032413483, -1.1340205669403076]
[-0.08407074958086014, 0.32497280836105347, 0.417481392621994]
[0.3679981529712677, -0.03703982010483742, 0.35438868403434753]
[0.19387051463127136, -0.27478936314582825, 0.04602643474936485]
[-0.23942899703979492, -0.278474897146225, -0.1385793685913086]
[0.12813186645507812, -0.11311850696802139, -0.5919883847236633]
[-0.22299568355083466, -0.2780638039112091, -1.3512589931488037]
[0.25644728541374207, -0.0036174773704260588, 0.5674917101860046]
[-1.0027189254760742, 0.04671242833137512, 0.2813880145549774]
[1.0021235942840576, -0.041301432996988297, 0.2753410041332245]
[-0.08525215834379196, -0.04648394510149956, -0.34058764576911926]
[0.33232298493385315, -0.0818035826086998, 0.5216977596282959]
[-0.13581517338752747, 0.1439736783504486, 0.5631568431854248]
[-0.1860579401254654, 0.23707623779773712, 1.4672309160232544]
[-0.1596897393465042, 0.18386216461658478, -0.583183765411377]
[0.2915472090244293, -0.030976969748735428, -1.1091246604919434]
[-0.2949012815952301, -0.5806440711021423, 0.09928848594427109]
[0.11977100372314453, -0.030467526987195015, -0.3923966884613037]
[0.19979327917099, -0.05955757200717926, 0.5938758254051208]
[0.08688133955001831, -0.30130767822265625, 0.894157886505127]
[0.7259340882301331, -0.5542073845863342, -0.23371919989585876]
[-0.0785934254527092, -0.2020278424024582, -0.29837271571159363]
[0.047646716237068176, 0.2781718671321869, 0.026987476274371147]
[0.17661015689373016, 0.17757418751716614, 0.2636902332305908]
[-0.037022072821855545, 0.10671061277389526, 0.5591712594032288]
[0.10570130497217178, 0.20697683095932007, 0.7530895471572876]
[-0.5569031834602356, 0.7005009651184082, -0.1912669539451599]
[-0.12544484436511993, 0.15829342603683472, 0.08639676123857498]
[0.2551414966583252, -0.0028324569575488567, -0.3755069971084595]
[-0.16883155703544617, -0.32366806268692017, 0.7693895101547241]
[0.2422771006822586, -0.08524908870458603, 0.6238948702812195]
[-0.17721928656101227, 0.2827344536781311, 0.592460572719574]
[-0.7738307118415833, 0.563427209854126, -0.2814624309539795]
[-0.11043092608451843, 0.05201096832752228, -0.13276399672031403]
[0.24583660066127777, -0.04890670254826546, -0.047406572848558426]
[-0.04146411642432213, 0.10127086192369461, 0.4501214623451233]
[0.3044635057449341, -0.18696577847003937, 0.6374509334564209]
[-0.1442427784204483, -0.18097174167633057, 1.4364837408065796]
[0.24496811628341675, -0.1175728589296341, -0.12113845348358154]
[0.4294753670692444, -0.28702008724212646, -1.084749698638916]
[-0.4539172649383545, 0.4122285544872284, 0.07628139853477478]
[-0.0968068465590477, -0.10133039951324463, 0.7279248237609863]
[0.042800892144441605, 0.07132613658905029, 0.6175944805145264]
[-0.08673440665006638, 0.28408846259117126, 0.5996596813201904]
[0.7095392942428589, -0.3906950056552887, 0.029200265184044838]
[-0.11365576833486557, 0.02601117640733719, -0.18903186917304993]
[-0.06001465395092964, -0.06845781952142715, -0.3962129056453705]
[-0.1191401556134224, 0.06422120332717896, 0.06825057417154312]
[-0.2635340690612793, -0.22626537084579468, 0.6290817260742188]
[0.015653973445296288, -0.06253413110971451, 0.7999312877655029]
[0.7682954668998718, -0.64432293176651, -0.1986159235239029]
[-0.2705748975276947, 0.13282781839370728, 0.018547387793660164]
[0.19352862238883972, -0.29727208614349365, -0.0764114037156105]
[0.009298541583120823, 0.1735706627368927, 0.5464051365852356]
[-0.49511364102363586, -0.14796124398708344, 0.6683425307273865]
[0.1752438247203827, 0.0021763762924820185, 0.15439173579216003]
[-0.6419292092323303, 0.416122704744339, 0.16716037690639496]
[-0.27878403663635254, 0.223750501871109, -0.061976831406354904]
[-0.13590645790100098, 0.20936843752861023, -0.04025857523083687]
[-0.019383665174245834, -0.2610216438770294, -0.09371695667505264]
[0.01401123870164156, 0.2514360249042511, 0.6807345747947693]
[-0.046619709581136703, 0.04771267995238304, 1.4335705041885376]
[-0.04433043673634529, 0.16791054606437683, -0.2671031355857849]
[-0.10419054329395294, -0.27855411171913147, -1.0716806650161743]
[-0.27903836965560913, 0.2752811014652252, 0.4223862886428833]
[-0.06217167526483536, 0.19184203445911407, 0.28424498438835144]
[0.21776306629180908, -0.0659060850739479, 0.09204284846782684]
Stresses: [-0.00509789 -0.00638089 -0.00271225  0.00031219 -0.00021638  0.00065853]
